AccNo	A	C	D	E	F	G	H	I	K	L	M	N	P	Q	R	S	T	W	Y	V              *
BIGC670101	52.6	68.3	68.4	84.7	113.9	36.3	91.9	102	105.1	102	97.7	75.7	73.6	89.7	109.1	54.9	71.2	135.4	116.2	85.1         0
BIOV880101	16	168	-78	-106	189	-13	50	151	-141	145	124	-74	-20	-73	-70	-70	-38	145	53	123          0
CHAM810101	0.52	0.62	0.76	0.68	0.7	0	0.7	1.02	0.68	0.98	0.78	0.76	0.36	0.68	0.68	0.53	0.5	0.7	0.7	0.76         0
DAWD720101	2.5	3	2.5	5	6.5	0.5	6	5.5	7	5.5	6	5	5.5	6	7.5	3	5	7	7	5             0
EISD840101	0.25	0.04	-0.72	-0.62	0.61	0.16	-0.4	0.73	-1.1	0.53	0.26	-0.64	-0.07	-0.69	-1.76	-0.26	-0.18	0.37	0.02	0.54         0
EISD860101	0.67	0.38	-1.2	-0.76	2.3	0	0.64	1.9	-0.57	1.9	2.4	-0.6	1.2	-0.22	-2.1	0.01	0.52	2.6	1.6	1.5           0
GRAR740102	8.1	5.5	13	12.3	5.2	9	10.4	5.2	11.3	4.9	5.7	11.6	8	10.5	10.5	9.2	8.6	5.4	6.2	5.9           0
HOPT810101	-0.5	-1	3	3	-2.5	0	-0.5	-1.8	3	-1.8	-1.3	0.2	0	0.2	3	0.3	-0.4	-3.4	-2.3	-1.5         0
KYTJ820101	1.8	2.5	-3.5	-3.5	2.8	-0.4	-3.2	4.5	-3.9	3.8	1.9	-3.5	-1.6	-3.5	-4.5	-0.8	-0.7	-0.9	-1.3	4.2           0
LIFS790101	0.92	1.16	0.48	0.61	1.25	0.61	0.93	1.81	0.7	1.3	1.19	0.6	0.4	0.95	0.93	0.82	1.12	1.54	1.53	1.81         0
MAXF760101	1.43	0.94	0.92	1.67	1.19	0.46	0.98	1.04	1.27	1.36	1.53	0.64	0.49	1.22	1.18	0.7	0.78	1.01	0.69	0.98         0
CEDJ970104	7.9	1.9	5.5	7.1	3.9	7.1	2.1	5.2	6.7	8.6	2.4	4	5.3	4.4	4.9	6.6	5.3	1.2	3.1	6.8           0
MITS020101	0	0	0	1.27	0	0	1.45	0	3.67	0	0	0	0	1.25	2.45	0	0	6.93	5.06	0             0
MIYS990104	-0.04	-0.38	0.19	0.23	-0.38	0.09	-0.04	-0.34	0.33	-0.37	-0.3	0.13	0.19	0.14	0.07	0.12	0.03	-0.33	-0.29	-0.29        0
