 A C  D	E  F  G H	I  K  L M  N  P Q R  S  T W Y  V  
 1  0  0	0  0  0  0  0  0  0  0  0  0  0  0  0  0  0  0  0  
 0  1  0	0  0  0  0  0  0  0  0  0  0  0  0  0  0  0  0  0  
 0  0  1	0  0  0  0  0  0  0  0  0  0  0  0  0  0  0  0  0  
 0  0  0	1  0  0  0  0  0  0  0  0  0  0  0  0  0  0  0  0  
 0  0  0	0  1  0  0  0  0  0  0  0  0  0  0  0  0  0  0  0  
 0  0  0	0  0  1  0  0  0  0  0  0  0  0  0  0  0  0  0  0  
 0  0  0	0  0  0  1  0  0  0  0  0  0  0  0  0  0  0  0  0  
 0  0  0	0  0  0  0  1  0  0  0  0  0  0  0  0  0  0  0  0  
 0  0  0	0  0  0  0  0  1  0  0  0  0  0  0  0  0  0  0  0  
 0  0  0	0  0  0  0  0  0  1  0  0  0  0  0  0  0  0  0  0  
 0  0  0	0  0  0  0  0  0  0  1  0  0  0  0  0  0  0  0  0 
 0  0  0	0  0  0  0  0  0  0  0  1  0  0  0  0  0  0  0  0 
 0  0  0	0  0  0  0  0  0  0  0  0  1  0  0  0  0  0  0  0  
 0  0  0	0  0  0  0  0  0  0  0  0  0  1  0  0  0  0  0  0 
 0  0  0	0  0  0  0  0  0  0  0  0  0  0  1  0  0  0  0  0 
 0  0  0	0  0  0  0  0  0  0  0  0  0  0  0  1  0  0  0  0  
 0  0  0	0  0  0  0  0  0  0  0  0  0  0  0  0  1  0  0  0 
 0  0  0	0  0  0  0  0  0  0  0  0  0  0  0  0  0  1  0  0 
 0  0  0	0  0  0  0  0  0  0  0  0  0  0  0  0  0  0  1  0 
 0  0  0	0  0  0  0  0  0  0  0  0  0  0  0  0  0  0  0  1  
